ID   Label: Confidence   IoU       Precision Recall    CalcDist       GtDist         
=====================================================================================
0    car: 0.96           0.93      1.00      1.00      51.49          31.22          
1    car: 0.95           0.97      1.00      1.00      56.28          11.90          
2    car: 0.94           0.96      1.00      1.00      43.57          10.14          
3    car: 0.94           0.96      1.00      1.00      42.83          17.89          
4    car: 0.92           0.92      1.00      1.00      47.71          22.10          
5    car: 0.91           0.95      1.00      1.00      53.86          36.33          
6    car: 0.87           1.00      1.00      1.00      60.34          16.12          
7    car: 0.74           0.98      1.00      1.00      61.61          21.55          
