ID   Label: Confidence   IoU       Precision Recall    CalcDist       GtDist         
=====================================================================================
0    car: 0.97           0.94      1.00      1.00      8.26           26.52          
1    car: 0.96           0.97      1.00      1.00      7.81           1.80           
2    car: 0.95           0.97      1.00      1.00      9.88           8.43           
3    car: 0.94           0.93      1.00      1.00      4.36           18.23          
4    car: 0.94           0.97      1.00      1.00      5.52           21.23          
5    car: 0.93           0.94      1.00      1.00      4.06           27.50          
6    car: 0.93           0.92      1.00      1.00      9.67           30.79          
7    car: 0.90           0.92      1.00      1.00      6.95           10.77          
8    car: 0.90           0.96      1.00      1.00      9.30           15.32          
9    car: 0.88           0.96      1.00      1.00      8.08           19.81          
10   car: 0.75           0.93      1.00      1.00      9.91           31.32          
11   car: 0.50           0.88      1.00      1.00      10.26          35.97          
