ID   Label: Confidence   IoU       Precision Recall    CalcDist       GtDist         
=====================================================================================
0    car: 0.95           0.95      1.00      1.00      6.19           21.28          
1    car: 0.94           0.97      1.00      1.00      3.86           4.61           
2    car: 0.94           0.95      1.00      1.00      8.56           9.42           
3    car: 0.93           0.96      1.00      1.00      11.69          12.35          
4    car: 0.93           0.95      1.00      1.00      10.21          22.52          
5    car: 0.93           0.97      1.00      1.00      9.12           25.35          
6    car: 0.90           0.94      1.00      1.00      5.01           33.02          
7    car: 0.89           0.97      1.00      1.00      3.96           32.10          
8    car: 0.89           0.95      1.00      1.00      10.75          43.07          
9    car: 0.83           0.91      1.00      1.00      8.75           5.77           
10   car: 0.77           0.91      1.00      1.00      9.14           23.39          
11   car: 0.75           0.93      1.00      1.00      10.54          27.16          
12   car: 0.38           0.90      1.00      1.00      10.52          33.41          
